4.500925000000000000e+06
4.526849000000000000e+06
4.602202000000000000e+06
4.724788000000000000e+06
4.724665000000000000e+06
3.878017500000000000e+06
3.900408500000000000e+06
3.965385000000000000e+06
4.070919000000000000e+06
4.071040250000000000e+06
4.027987250000000000e+06
4.051230000000000000e+06
4.118711000000000000e+06
4.228519000000000000e+06
4.228431500000000000e+06
3.451384000000000000e+06
3.471297250000000000e+06
3.529216000000000000e+06
3.623377250000000000e+06
3.623280000000000000e+06
3.399067000000000000e+06
3.418744250000000000e+06
3.475759250000000000e+06
3.568514000000000000e+06
3.568416750000000000e+06
4.300858000000000000e+06
4.325625000000000000e+06
4.397634000000000000e+06
4.514619000000000000e+06
4.514738500000000000e+06
3.683880000000000000e+06
3.705090250000000000e+06
3.766908750000000000e+06
3.867203000000000000e+06
3.867316000000000000e+06
3.760464500000000000e+06
3.782161000000000000e+06
3.845164250000000000e+06
3.947650000000000000e+06
3.947766000000000000e+06
4.007457250000000000e+06
4.030578000000000000e+06
4.097711000000000000e+06
4.206774000000000000e+06
4.206938000000000000e+06
4.296222500000000000e+06
4.321023500000000000e+06
4.393003000000000000e+06
4.509930000000000000e+06
4.510069000000000000e+06
4.203197500000000000e+06
4.227459000000000000e+06
4.297896000000000000e+06
4.412484000000000000e+06
4.412383500000000000e+06
4.022690250000000000e+06
4.045963750000000000e+06
4.113536250000000000e+06
4.223138000000000000e+06
4.223039500000000000e+06
3.608026000000000000e+06
3.628859000000000000e+06
3.689387500000000000e+06
3.787784500000000000e+06
3.787870500000000000e+06
4.252620500000000000e+06
4.277205000000000000e+06
4.348595000000000000e+06
4.464437500000000000e+06
4.464313500000000000e+06
3.925636750000000000e+06
3.948238750000000000e+06
4.014057500000000000e+06
4.121050250000000000e+06
4.121199500000000000e+06
3.649353500000000000e+06
3.670418500000000000e+06
3.731650000000000000e+06
3.831170750000000000e+06
3.831274250000000000e+06
3.473572000000000000e+06
3.493571750000000000e+06
3.551821500000000000e+06
3.646563750000000000e+06
3.646679000000000000e+06
3.821563000000000000e+06
3.843666750000000000e+06
3.907851000000000000e+06
4.011967000000000000e+06
4.012063000000000000e+06
3.760432250000000000e+06
3.782127500000000000e+06
3.845130250000000000e+06
3.947459000000000000e+06
3.947634000000000000e+06
3.979362000000000000e+06
4.002335500000000000e+06
4.069110000000000000e+06
4.177474000000000000e+06
4.177359750000000000e+06
3.561201500000000000e+06
3.581753500000000000e+06
3.641514500000000000e+06
3.738612000000000000e+06
3.738706500000000000e+06
4.033652000000000000e+06
4.056923250000000000e+06
4.124612750000000000e+06
4.234454500000000000e+06
4.234560000000000000e+06
3.057087000000000000e+06
3.074759000000000000e+06
3.126092250000000000e+06
3.209504000000000000e+06
3.209578500000000000e+06
4.036286500000000000e+06
4.059519750000000000e+06
4.127192000000000000e+06
4.237027000000000000e+06
4.237151000000000000e+06
3.320023500000000000e+06
3.339226750000000000e+06
3.394998500000000000e+06
3.485447000000000000e+06
3.485582750000000000e+06
4.046123500000000000e+06
4.069480000000000000e+06
4.137266250000000000e+06
4.247378000000000000e+06
4.247260500000000000e+06
3.531633500000000000e+06
3.552014000000000000e+06
3.611277500000000000e+06
3.707591000000000000e+06
3.707659750000000000e+06
3.209111000000000000e+06
3.227638000000000000e+06
3.281489000000000000e+06
3.369012500000000000e+06
3.369174000000000000e+06
4.160915500000000000e+06
4.184933500000000000e+06
4.254751000000000000e+06
4.368043000000000000e+06
4.367940000000000000e+06
3.996628000000000000e+06
4.019699500000000000e+06
4.086766500000000000e+06
4.195610000000000000e+06
4.195512500000000000e+06
3.545666750000000000e+06
3.566172000000000000e+06
3.625615500000000000e+06
3.722323500000000000e+06
3.722426000000000000e+06
3.239843250000000000e+06
3.258491000000000000e+06
3.312839250000000000e+06
3.401207000000000000e+06
3.401287500000000000e+06
3.839034750000000000e+06
3.861189250000000000e+06
3.925504500000000000e+06
4.030118500000000000e+06
4.030258000000000000e+06
4.587556000000000000e+06
4.613972500000000000e+06
4.690767500000000000e+06
4.815565500000000000e+06
4.815433500000000000e+06
4.109583750000000000e+06
4.133304000000000000e+06
4.202263000000000000e+06
4.314349500000000000e+06
4.314247000000000000e+06
3.839334750000000000e+06
3.861517500000000000e+06
3.925854250000000000e+06
4.030524000000000000e+06
4.030634500000000000e+06
4.060899000000000000e+06
4.084342250000000000e+06
4.152393500000000000e+06
4.262924500000000000e+06
4.262808000000000000e+06
3.739429000000000000e+06
3.761059500000000000e+06
3.823875500000000000e+06
3.925919500000000000e+06
3.925831250000000000e+06
4.129658000000000000e+06
4.153539500000000000e+06
4.222768000000000000e+06
4.335377500000000000e+06
4.335258500000000000e+06
3.727796500000000000e+06
3.749313750000000000e+06
3.811872500000000000e+06
3.913524000000000000e+06
3.913416500000000000e+06
4.005670250000000000e+06
4.028812000000000000e+06
4.095956750000000000e+06
4.205001000000000000e+06
4.205126000000000000e+06
4.338222000000000000e+06
4.363256000000000000e+06
4.435960000000000000e+06
4.554053000000000000e+06
4.553948500000000000e+06
4.090575500000000000e+06
4.114137000000000000e+06
4.182613000000000000e+06
4.294029000000000000e+06
4.294161000000000000e+06
3.967718500000000000e+06
3.990662750000000000e+06
4.057187000000000000e+06
4.165385750000000000e+06
4.165296750000000000e+06
3.826997500000000000e+06
3.849096500000000000e+06
3.913214000000000000e+06
4.017532500000000000e+06
4.017621500000000000e+06
4.365367500000000000e+06
4.390570000000000000e+06
4.463709500000000000e+06
4.582512000000000000e+06
4.582405000000000000e+06
4.299244000000000000e+06
4.323998000000000000e+06
4.395968500000000000e+06
4.512920000000000000e+06
4.513018000000000000e+06
4.163268000000000000e+06
4.187292000000000000e+06
4.257052000000000000e+06
4.370357000000000000e+06
4.370245000000000000e+06
4.035853750000000000e+06
4.059147750000000000e+06
4.126769500000000000e+06
4.236763000000000000e+06
4.236668000000000000e+06
3.389045500000000000e+06
3.408654500000000000e+06
3.465568000000000000e+06
3.558018500000000000e+06
3.558086500000000000e+06
4.505134500000000000e+06
4.531079500000000000e+06
4.606500500000000000e+06
4.729233000000000000e+06
4.729106000000000000e+06
3.066836500000000000e+06
3.084527500000000000e+06
3.135974250000000000e+06
3.219578250000000000e+06
3.219773000000000000e+06
4.138882500000000000e+06
4.162767000000000000e+06
4.232130000000000000e+06
4.344774500000000000e+06
4.344895000000000000e+06
4.098569000000000000e+06
4.122172000000000000e+06
4.190784750000000000e+06
4.302423000000000000e+06
4.302575000000000000e+06
3.469867000000000000e+06
3.489854500000000000e+06
3.547941250000000000e+06
3.642445000000000000e+06
3.642639750000000000e+06
3.531860000000000000e+06
3.552300250000000000e+06
3.611535500000000000e+06
3.707719500000000000e+06
3.707856750000000000e+06
3.409193250000000000e+06
3.428913000000000000e+06
3.486186500000000000e+06
3.579212750000000000e+06
3.579315000000000000e+06
3.853672500000000000e+06
3.875919000000000000e+06
3.940582750000000000e+06
4.045669000000000000e+06
4.045847500000000000e+06
4.089395500000000000e+06
4.112987750000000000e+06
4.181601000000000000e+06
4.292960000000000000e+06
4.292859000000000000e+06
4.465523500000000000e+06
4.491280000000000000e+06
4.566083500000000000e+06
4.687615000000000000e+06
4.687486000000000000e+06
3.602613000000000000e+06
3.623398500000000000e+06
3.683868500000000000e+06
3.782133750000000000e+06
3.782029750000000000e+06
3.241989500000000000e+06
3.260736500000000000e+06
3.315154000000000000e+06
3.403583000000000000e+06
3.403491500000000000e+06
3.270024250000000000e+06
3.288954500000000000e+06
3.343808500000000000e+06
3.433017750000000000e+06
3.433118750000000000e+06
3.515140000000000000e+06
3.535479250000000000e+06
3.594511250000000000e+06
3.690266000000000000e+06
3.690366750000000000e+06
3.964198250000000000e+06
3.987067500000000000e+06
4.053596500000000000e+06
4.161551000000000000e+06
4.161437500000000000e+06
4.068037000000000000e+06
4.091502500000000000e+06
4.159656500000000000e+06
4.270369000000000000e+06
4.270495500000000000e+06
4.234272000000000000e+06
4.258718000000000000e+06
4.329787000000000000e+06
4.445109500000000000e+06
4.445006000000000000e+06
3.901758500000000000e+06
3.924226750000000000e+06
3.989642500000000000e+06
4.095983750000000000e+06
4.096102500000000000e+06
4.196690000000000000e+06
4.220899000000000000e+06
4.291209500000000000e+06
4.405423000000000000e+06
4.405512500000000000e+06
4.268632500000000000e+06
4.293216000000000000e+06
4.364677000000000000e+06
4.480984000000000000e+06
4.481121500000000000e+06
3.790131250000000000e+06
3.812020500000000000e+06
3.875523250000000000e+06
3.978847000000000000e+06
3.978759500000000000e+06
4.209744500000000000e+06
4.233983000000000000e+06
4.304450000000000000e+06
4.418947000000000000e+06
4.419107500000000000e+06
4.232174000000000000e+06
4.256588000000000000e+06
4.327485000000000000e+06
4.442667000000000000e+06
4.442568000000000000e+06
4.356277500000000000e+06
4.381365000000000000e+06
4.454408000000000000e+06
4.572982500000000000e+06
4.572858500000000000e+06
4.234265000000000000e+06
4.258707000000000000e+06
4.329649000000000000e+06
4.445058000000000000e+06
4.445177000000000000e+06
4.058497250000000000e+06
4.081916750000000000e+06
4.149902500000000000e+06
4.260334000000000000e+06
4.260518500000000000e+06
3.798240000000000000e+06
3.820212500000000000e+06
3.883901750000000000e+06
3.987496000000000000e+06
3.987409000000000000e+06
3.772782000000000000e+06
3.794620000000000000e+06
3.857892500000000000e+06
3.960642500000000000e+06
3.960722500000000000e+06
4.609593000000000000e+06
4.636143000000000000e+06
4.713311000000000000e+06
4.838718000000000000e+06
4.838588500000000000e+06
4.301712000000000000e+06
4.326548000000000000e+06
4.398620500000000000e+06
4.515697000000000000e+06
4.515574000000000000e+06
-6.135077500000000000e+05
-6.170480000000000000e+05
-6.273291875000000000e+05
-6.440291250000000000e+05
-6.440291250000000000e+05
-5.891072500000000000e+05
-5.925051875000000000e+05
-6.023738125000000000e+05
-6.184163750000000000e+05
-6.184163750000000000e+05
1.047861125000000000e+06
1.053897625000000000e+06
1.071454750000000000e+06
1.099989250000000000e+06
1.099971500000000000e+06
1.048296125000000000e+06
1.054338625000000000e+06
1.071908250000000000e+06
1.100446000000000000e+06
1.100423375000000000e+06
-6.164287500000000000e+05
-6.199857500000000000e+05
-6.303170000000000000e+05
-6.470962500000000000e+05
-6.470962500000000000e+05
-6.260188750000000000e+05
-6.296290625000000000e+05
-6.401152500000000000e+05
-6.571621250000000000e+05
-6.571621250000000000e+05
1.013094875000000000e+06
1.018933375000000000e+06
1.035910375000000000e+06
1.063500500000000000e+06
1.063481875000000000e+06
1.096226500000000000e+06
1.102545250000000000e+06
1.120918250000000000e+06
1.150758875000000000e+06
1.150734000000000000e+06
-6.122348750000000000e+05
-6.157677500000000000e+05
-6.260291250000000000e+05
-6.426942500000000000e+05
-6.426943125000000000e+05
-5.931859375000000000e+05
-5.966080000000000000e+05
-6.065455000000000000e+05
-6.226996250000000000e+05
-6.226996875000000000e+05
1.073655875000000000e+06
1.079839750000000000e+06
1.097828000000000000e+06
1.127063750000000000e+06
1.127049500000000000e+06
1.034943062500000000e+06
1.040909000000000000e+06
1.058255125000000000e+06
1.086432500000000000e+06
1.086408500000000000e+06
-5.931453125000000000e+05
-5.965680000000000000e+05
-6.065093750000000000e+05
-6.226561250000000000e+05
-6.226561250000000000e+05
-6.009836250000000000e+05
-6.044498750000000000e+05
-6.145176250000000000e+05
-6.308835625000000000e+05
-6.308835625000000000e+05
1.029667687500000000e+06
1.035600812500000000e+06
1.052854875000000000e+06
1.080895500000000000e+06
1.080878000000000000e+06
1.027633687500000000e+06
1.033558437500000000e+06
1.050783000000000000e+06
1.078760750000000000e+06
1.078736125000000000e+06
-6.343379375000000000e+05
-6.379984375000000000e+05
-6.486280000000000000e+05
-6.658941875000000000e+05
-6.658942500000000000e+05
-6.345996250000000000e+05
-6.382586250000000000e+05
-6.488881250000000000e+05
-6.661682500000000000e+05
-6.661681875000000000e+05
1.063344375000000000e+06
1.069471000000000000e+06
1.087288500000000000e+06
1.116245500000000000e+06
1.116225500000000000e+06
9.338416250000000000e+05
9.392260000000000000e+05
9.548789375000000000e+05
9.803081875000000000e+05
9.802893750000000000e+05
-6.100278750000000000e+05
-6.135480000000000000e+05
-6.237708750000000000e+05
-6.403765000000000000e+05
-6.403765000000000000e+05
-6.337967500000000000e+05
-6.374516875000000000e+05
-6.480676250000000000e+05
-6.653260000000000000e+05
-6.653260000000000000e+05
1.008769937500000000e+06
1.014581937500000000e+06
1.031484875000000000e+06
1.058955250000000000e+06
1.058945875000000000e+06
1.119895125000000000e+06
1.126350125000000000e+06
1.145119750000000000e+06
1.175604750000000000e+06
1.175577500000000000e+06
-6.013805000000000000e+05
-6.048506875000000000e+05
-6.149306250000000000e+05
-6.313012500000000000e+05
-6.313012500000000000e+05
-6.168131875000000000e+05
-6.203706875000000000e+05
-6.307028750000000000e+05
-6.474995000000000000e+05
-6.474995000000000000e+05
1.087654000000000000e+06
1.093919250000000000e+06
1.112142750000000000e+06
1.141760250000000000e+06
1.141742250000000000e+06
1.090130000000000000e+06
1.096413125000000000e+06
1.114683125000000000e+06
1.144361250000000000e+06
1.144335000000000000e+06
-6.221830625000000000e+05
-6.257733750000000000e+05
-6.362005000000000000e+05
-6.531358750000000000e+05
-6.531358125000000000e+05
-6.535182500000000000e+05
-6.572866250000000000e+05
-6.682321875000000000e+05
-6.860270000000000000e+05
-6.860270000000000000e+05
1.074372750000000000e+06
1.080563250000000000e+06
1.098565625000000000e+06
1.127823125000000000e+06
1.127803750000000000e+06
1.079624625000000000e+06
1.085847125000000000e+06
1.103941250000000000e+06
1.133333625000000000e+06
1.133308250000000000e+06
-6.317972500000000000e+05
-6.354430625000000000e+05
-6.460303750000000000e+05
-6.632275625000000000e+05
-6.632276250000000000e+05
-6.093381250000000000e+05
-6.128528750000000000e+05
-6.230601250000000000e+05
-6.396535625000000000e+05
-6.396536250000000000e+05
1.080110500000000000e+06
1.086332750000000000e+06
1.104430250000000000e+06
1.133842875000000000e+06
1.133824250000000000e+06
1.129869875000000000e+06
1.136381875000000000e+06
1.155318250000000000e+06
1.186075250000000000e+06
1.186048000000000000e+06
-4.884626875000000000e+05
-4.912808437500000000e+05
-4.994776875000000000e+05
-5.127793750000000000e+05
-5.127793750000000000e+05
-6.285742500000000000e+05
-6.321999375000000000e+05
-6.427284375000000000e+05
-6.598450625000000000e+05
-6.598450625000000000e+05
9.935176875000000000e+05
9.992428125000000000e+05
1.015891125000000000e+06
1.042947250000000000e+06
1.042937937500000000e+06
9.509018750000000000e+05
9.563822500000000000e+05
9.723182500000000000e+05
9.982231875000000000e+05
9.981986250000000000e+05
-6.071712500000000000e+05
-6.106748750000000000e+05
-6.208527500000000000e+05
-6.373791250000000000e+05
-6.373791250000000000e+05
-6.182105625000000000e+05
-6.217766875000000000e+05
-6.321320000000000000e+05
-6.489667500000000000e+05
-6.489667500000000000e+05
9.755345000000000000e+05
9.811544375000000000e+05
9.974996250000000000e+05
1.024064000000000000e+06
1.024061062500000000e+06
1.125043750000000000e+06
1.131527250000000000e+06
1.150381750000000000e+06
1.181011625000000000e+06
1.180981125000000000e+06
-6.490001250000000000e+05
-6.527452500000000000e+05
-6.636212500000000000e+05
-6.812845000000000000e+05
-6.812845000000000000e+05
-6.417598750000000000e+05
-6.454609375000000000e+05
-6.562098750000000000e+05
-6.736850000000000000e+05
-6.736850000000000000e+05
1.131932875000000000e+06
1.138452125000000000e+06
1.157416250000000000e+06
1.188238500000000000e+06
1.188217750000000000e+06
1.115695625000000000e+06
1.122125875000000000e+06
1.140824500000000000e+06
1.171198500000000000e+06
1.171170250000000000e+06
-6.297810000000000000e+05
-6.334151250000000000e+05
-6.439690625000000000e+05
-6.611115000000000000e+05
-6.611115000000000000e+05
-6.408856250000000000e+05
-6.445815000000000000e+05
-6.553158750000000000e+05
-6.727671250000000000e+05
-6.727671250000000000e+05
1.068964500000000000e+06
1.075122625000000000e+06
1.093033375000000000e+06
1.122142500000000000e+06
1.122125250000000000e+06
1.139528125000000000e+06
1.146095875000000000e+06
1.165194125000000000e+06
1.196211000000000000e+06
1.196185000000000000e+06
-6.738897500000000000e+05
-6.777785625000000000e+05
-6.890697500000000000e+05
-7.074100000000000000e+05
-7.074100000000000000e+05
-6.327820000000000000e+05
-6.364313750000000000e+05
-6.470304375000000000e+05
-6.642613750000000000e+05
-6.642613750000000000e+05
1.094044000000000000e+06
1.100346125000000000e+06
1.118676750000000000e+06
1.148468375000000000e+06
1.148449000000000000e+06
1.061028625000000000e+06
1.067144250000000000e+06
1.084927000000000000e+06
1.113816125000000000e+06
1.113790000000000000e+06
-6.218191250000000000e+05
-6.254073125000000000e+05
-6.358278750000000000e+05
-6.527538750000000000e+05
-6.527539375000000000e+05
-6.473041250000000000e+05
-6.510366875000000000e+05
-6.618786250000000000e+05
-6.795045000000000000e+05
-6.795045000000000000e+05
1.044418562500000000e+06
1.050435125000000000e+06
1.067934750000000000e+06
1.096375375000000000e+06
1.096364000000000000e+06
1.052169500000000000e+06
1.058234750000000000e+06
1.075869750000000000e+06
1.104511500000000000e+06
1.104492000000000000e+06
-6.221505000000000000e+05
-6.257406875000000000e+05
-6.361659375000000000e+05
-6.531019375000000000e+05
-6.531020000000000000e+05
-6.169833125000000000e+05
-6.205414375000000000e+05
-6.308767500000000000e+05
-6.476778750000000000e+05
-6.476778750000000000e+05
1.041660187500000000e+06
1.047660750000000000e+06
1.065113875000000000e+06
1.093479125000000000e+06
1.093468000000000000e+06
9.816813750000000000e+05
9.873398750000000000e+05
1.003793000000000000e+06
1.030521625000000000e+06
1.030505125000000000e+06
-5.769501250000000000e+05
-5.802793750000000000e+05
-5.899501250000000000e+05
-6.056570000000000000e+05
-6.056570000000000000e+05
-6.083363125000000000e+05
-6.118442500000000000e+05
-6.220352500000000000e+05
-6.386010625000000000e+05
-6.386010625000000000e+05
1.042651687500000000e+06
1.048658250000000000e+06
1.066128250000000000e+06
1.094520750000000000e+06
1.094508250000000000e+06
1.034880250000000000e+06
1.040845875000000000e+06
1.058191000000000000e+06
1.086366500000000000e+06
1.086343500000000000e+06
-6.060611250000000000e+05
-6.095583750000000000e+05
-6.197157500000000000e+05
-6.362130000000000000e+05
-6.362130000000000000e+05
-6.169203125000000000e+05
-6.204780625000000000e+05
-6.308122500000000000e+05
-6.476116250000000000e+05
-6.476116250000000000e+05
1.036736500000000000e+06
1.042712062500000000e+06
1.060086000000000000e+06
1.088320750000000000e+06
1.088300125000000000e+06
1.083873250000000000e+06
1.090120750000000000e+06
1.108286875000000000e+06
1.137792000000000000e+06
1.137768125000000000e+06
-6.292580000000000000e+05
-6.328891250000000000e+05
-6.434340000000000000e+05
-6.605620000000000000e+05
-6.605620000000000000e+05
-6.147507500000000000e+05
-6.182962500000000000e+05
-6.285942500000000000e+05
-6.453347500000000000e+05
-6.453348125000000000e+05
1.077228375000000000e+06
1.083433500000000000e+06
1.101482500000000000e+06
1.130816250000000000e+06
1.130800500000000000e+06
1.127512250000000000e+06
1.134010875000000000e+06
1.152908000000000000e+06
1.183597375000000000e+06
1.183571750000000000e+06
-6.382881875000000000e+05
-6.419715000000000000e+05
-6.526681875000000000e+05
-6.700410000000000000e+05
-6.700410000000000000e+05
-6.403791875000000000e+05
-6.440722500000000000e+05
-6.547979375000000000e+05
-6.722353750000000000e+05
-6.722353750000000000e+05
1.130588500000000000e+06
1.137100500000000000e+06
1.156042750000000000e+06
1.186829000000000000e+06
1.186805000000000000e+06
1.120775125000000000e+06
1.127234250000000000e+06
1.146017875000000000e+06
1.176527875000000000e+06
1.176500750000000000e+06
